
:::::::::::::::::::::::::::::::::::::::::
::  OPT/GIA/FIB Curso 2022-23 : alumno 34 ::
:::::::::::::::::::::::::::::::::::::::::
--------------------------------------------------------------------------------------------
OPT/GIA/FIB Curso 2022-23, ejercicio implementacion del simplex : cjt. datos 34, problema PL 1
--------------------------------------------------------------------------------------------
c=

 Columns 1 to 18

    8   -5    6   77  -77   96  -74  -37   91 -100  -10  -59   28   85    0    0    0    0 

 Columns 19 to 20

    0    0 

A=

 Columns 1 to 18

  -67   13  -26   24  -32   36  -36   46   11   77  -64  -86   90   42    0    0    0    0 
  -42  -70   30  -74   59   35  -13    6   86  -54   12   91   68   82    0    0    0    0 
   97   80  -70   45   45  -34   22   55  -39  -20   70   31   58  -27    0    0    0    0 
  -45  -33  -35   44   34    6  100  -65   30   56   38  -25   -5  -46    0    0    0    0 
   59   60   92   58   83   75   74   87   70   59   63   97   52   85    1    0    0    0 
  -40   89   -9   79   32    3   44  -36   25  -86   30  -33   24  -84    0    1    0    0 
   82  -24 -100   30  -74    1   95  -57  -49   55  -89   90   45   50    0    0   -1    0 
   92   97  -44   35   35   48   77  -17   -9   74   16   70  -59   29    0    0    0    1 
   70   22    2   69    4   92  -74  -83   56  -69   88   69   32   69    0    0    0    0 
  -42   30   98   94    8  -46   70  -50  -14  -38   30   51   86   25    0    0    0    0 

 Columns 19 to 20

    0    0 
    0    0 
    0    0 
    0    0 
    0    0 
    0    0 
    0    0 
    0    0 
    1    0 
    0    1 

b=
   28  216  313   54 1015   39   54  445  348  303 

z*=
 -787.4866 

vb*=
  8 19  1 10 12  3  7  5 16 20 

--------------------------------------------------------------------------------------------
OPT/GIA/FIB Curso 2022-23, ejercicio implementacion del simplex : cjt. datos 34, problema PL 2
--------------------------------------------------------------------------------------------
c=
 -82 -63  73  15 -51  69 100  94  61  81  18  41 -33 -46   0   0   0   0   0   0 

A=
  53 -61 -53  23   7  17 -23 -87  64  18  73  33 -20 -38   0   0   0   0   0   0 
 -45 -81  63 -85  38 -67  87  53 -61  41  11  66 -23  82   0   0   0   0   0   0 
 -74  91  16   4 -31 -42  51  38 -75  94  69 -51  81  76   0   0   0   0   0   0 
 -65 -75  85 -22 -76  95 -13   2  57  68  10  78  57 -54   0   0   0   0   0   0 
  69  57  94  77  98  63  74  51  51  74  58  53  78  68   1   0   0   0   0   0 
  65 -78  75 -14  38 -23 -59 -29 -67  61  74  -6  -6  75   0  -1   0   0   0   0 
 -38 -21 -10  10 -66  75 -11  34  37  17  74  10  75  99   0   0  -1   0   0   0 
  58  27 -10 -23  60   2  72 -90  47 -77 -67  24  64 -80   0   0   0   1   0   0 
  26 -33  66   4  29  11  62  31  47 -54  79  89 -98 -37   0   0   0   0   1   0 
  20  37  96  28 -95  32 -31  43  41  49 -22 -90  68 -11   0   0   0   0   0   1 

b=
   6  79 247 147 966 105 284   8 223 166 

--------------------------------------------------------------------------------------------
OPT/GIA/FIB Curso 2022-23, ejercicio implementacion del simplex : cjt. datos 34, problema PL 3
--------------------------------------------------------------------------------------------
c=
  29  80 -61 -85  11  78  -1  60  67  97  46 -62 -94  24   0   0   0   0   0   0 

A=
  28 -60   0  -7  -3 -15 -69  -3 -22  72  57  89  92  28   0   0   0   0   0   0 
 -94  92  67 -97 -94  10  83   2  46 -61 -89  56  73  43   0   0   0   0   0   0 
  30  83  18  99 -24   7  28 -99 -57  38  21  29  78 -11   0   0   0   0   0   0 
 -24 -99  -5  51  41 -61 -55  50 -91  84  23  43  67   8   0   0   0   0   0   0 
 -58  31 -52 -58  75 -76  69 -31 -10  31  81  38  40  36  -1   0   0   0   0   0 
 -37 -64  44 -47  36  46  83 -94  40  -3 -92  37  96 -21   0  -1   0   0   0   0 
  31 -20  80  14  93  99 -54   7  80 -69  78 -57  77  -9   0   0   1   0   0   0 
  80  64  96  74  34  37  34   6  89  96  96   7  60   6   0   0   0   1   0   0 
  55  34  36  78  94   2  60  99   9  76   7  23  84   6   0   0   0   0   1   0 
  25  33  19  91  15  47  99  15  94  99  78  18  54  26   0   0   0   0   0   1 

b=
 187  37 240  32 115  23 351  29  97  10 

--------------------------------------------------------------------------------------------
OPT/GIA/FIB Curso 2022-23, ejercicio implementacion del simplex : cjt. datos 34, problema PL 4
--------------------------------------------------------------------------------------------
Warning: one or more outputs not assigned in call (1)
c=

 Columns 1 to 22

 -89 -86  -1 -57 -99 -53 -51 -81  -8  -5  -5  -2 -60 -75   0   0   0   0   0   0   0   0 

 Columns 23 to 24

   0   0 

A=

 Columns 1 to 22

  34  39  23  84  91  84  95  67  52  57   7  86  86  16  -1   0   0   0   0   0   0   0 
  21  38  87   2  96  75  47  83  17  58   7  35  15 100   0  -1   0   0   0   0   0   0 
  25  61   5  61  80  51  47  30  97  63  11  63  79  15   0   0  -1   0   0   0   0   0 
  74  43  10   7  51  21  47  55  64  92  94  92  97  74   0   0   0  -1   0   0   0   0 
  21  72  63   4  65  83  16  83  79 100   6  16  43  62   0   0   0   0  -1   0   0   0 
  18  66  30  48  82  79  51  30  20  67  23  32  27  91   0   0   0   0   0  -1   0   0 
  68  68  60  60  31   2   4  71  47  66  11  95  58  31   0   0   0   0   0   0  -1   0 
  97  26  77  51  45  91  55  42  49  47  90  25   4  93   0   0   0   0   0   0   0  -1 
  17  41  69  46  72  94  45  53  17  19  10  58   6   9   0   0   0   0   0   0   0   0 
  60  87  45  69  61  66  30  93  52  93  96  74  67  24   0   0   0   0   0   0   0   0 

 Columns 23 to 24

   0   0 
   0   0 
   0   0 
   0   0 
   0   0 
   0   0 
   0   0 
   0   0 
  -1   0 
   0  -1 

b=
 820 680 687 820 712 663 671 791 555 916 
